# Created by Octave 4.2.1, Mon Sep 04 14:24:08 2017 EDT <i834123@ZZZM00656602A>
# name: r
# type: matrix
# rows: 1000
# columns: 1
 1.33167785593221
 -1.071128360430759
 0.6379945539810987
 -0.9145602099978847
 0.1863235049613124
 0.2154554372292979
 -0.8542489390580135
 0.5359914229617729
 -0.6773641874317714
 -0.2499437857031246
 0.7972722127762413
 1.912141448532469
 1.112482762215395
 -0.7617553138269831
 0.01768226628216456
 2.025066429174369
 -0.525154268010121
 -0.3317682782654837
 -1.514226996943146
 -0.0681918281494439
 -0.1524615914984339
 -0.262364076891609
 0.4479024902244464
 -0.8796167690541495
 -1.191495307222824
 -1.458999978381402
 -0.2376024505618952
 -0.638694436645977
 0.4703586402423948
 -1.533979951914226
 1.189451674872061
 -0.3962256935644869
 0.04547828720966503
 -2.084953272856403
 0.6595687611253505
 0.8864625174561526
 0.81079287666433
 0.6032134971910065
 -0.7705768942521577
 0.4429478444982895
 -0.4467418316628129
 -1.341242249519578
 1.181705158929387
 0.8235969099861455
 -1.138835828631394
 0.1274395825875136
 1.510239464194238
 0.5586190802856877
 0.5871593846693252
 -0.5445221627913639
 2.755796493573464
 1.279057752094021
 -1.816094448910139
 1.874436452658189
 -0.2791181952624588
 -0.9690857400036369
 -0.8051080972249176
 0.5588689826974891
 -0.2982897622272617
 0.3851508733630984
 0.5057456619400185
 -0.9233525438795095
 1.426662932808074
 -0.470627871147365
 1.252993787840788
 -0.4361744150258201
 -0.3647325721767247
 0.278254719811933
 -0.1609686104583719
 -0.1562578936104066
 2.86640699410131
 -0.5270988862684187
 -2.093762480439604
 -0.3021417755677886
 0.1056571033581536
 0.4389518677823058
 -1.358914783398691
 -0.8328691351297793
 0.07010642075979029
 -0.1739691296703769
 -0.0003026656238670822
 0.1525716779393634
 0.2877139417544329
 -1.117625203163821
 0.03349601358589542
 -0.005670083383651619
 0.2620089763685876
 -0.5915557891153383
 0.514166286100933
 -0.5917442621228245
 -0.9272288000074147
 0.684656285848277
 0.8827050108791905
 1.264795387973802
 -0.1114742331120083
 -0.5057803575913214
 -1.440626049058114
 -0.5118085070921345
 0.7680744926897373
 -0.8515813611579243
 -1.603565796006501
 -0.7605333109147714
 -0.816659990397042
 -0.5197468201961672
 -0.4019941171891745
 0.285359752099353
 -0.4720847072120235
 -1.432073240546126
 -0.2435440724537266
 0.1102273803890137
 1.225621422172708
 1.597178163179504
 -1.389033944928787
 0.5786317964841264
 0.2084466865776991
 -1.410982807360869
 -0.1180999332084728
 -0.3513869261861201
 0.2029913000650832
 -0.681966440509077
 -1.181172078298313
 0.285097439478615
 -2.09427876336106
 -1.671414129518305
 0.3763554314633505
 0.4331905297105283
 1.182323661460696
 0.7653562215551305
 -1.213119057849761
 -0.02687182352408474
 -1.330882244056066
 0.4292207086877924
 -0.04084616710335932
 -0.7767901497593866
 0.266775298164932
 0.4375519615033328
 0.05454557194029029
 -0.3621853635410095
 0.7703714307370322
 -1.247154524084238
 0.1569117105937866
 2.142604815860009
 -0.1006592025007015
 -0.8780821869494271
 -0.0116619066599224
 0.220620948220079
 0.5426735932025339
 -1.217810802830557
 -0.06593311233995273
 -0.3398958224308593
 -0.06294610565834216
 -0.4939803603157396
 -0.03451257371314607
 0.7062521252724202
 0.8594807437562256
 -0.3440740344225454
 -0.239279523170958
 0.5775907515372342
 -0.4419475477600701
 0.3512940512435063
 -0.1641418952910345
 0.7340412115971905
 2.010874624663848
 -0.374233932419596
 0.4368633777399395
 -0.757766834956315
 0.4760836708542655
 0.7596025279364054
 -0.3968931857200932
 1.51048337183982
 -1.771673851446413
 0.9015857307766113
 -0.6835894502396462
 -2.17655497111479
 -0.5358981936496849
 0.1438919805389884
 -0.06226360166368398
 -0.4572835119031469
 -1.415940404446944
 -0.2705175208001871
 -0.3600000765168167
 0.5477135891634788
 -0.961769738617313
 0.9422702106414407
 0.3798407432857591
 0.899227289817225
 -2.282683127980072
 -0.8327152562197453
 0.2689024725704043
 0.8996358403877963
 1.264217938431217
 0.3058479316908237
 0.9775952815608392
 -0.8542286151847015
 0.9520620026332578
 2.386796169156816
 0.2944976789525913
 0.03299922720255543
 0.03089758060682677
 -0.6138030223331319
 -1.472587506621242
 -0.8606527391504747
 -0.6238808915689454
 1.308364550573614
 -0.2140073505504712
 -0.5926981949845037
 -1.173272762795786
 0.4248593862777275
 1.385207257424399
 0.1598938955182201
 1.116067134450163
 0.2843811399021638
 0.2330963619402481
 -0.2413151306666622
 0.0591369929765447
 0.3644037290062561
 0.9868467097760797
 -0.7113480052365865
 -1.085205893161961
 -1.772763294294108
 -0.02858307968787376
 0.4091634302711953
 -1.412449819826351
 -0.858223191977311
 0.5237356050115165
 -1.439330863647777
 1.241741505210608
 -0.7002979083055112
 -0.09576458837365111
 0.922138857283398
 -0.1574629531156397
 0.7622688480169558
 0.7890962862699072
 -0.1929330434091536
 0.005252228616755912
 0.4336090757025465
 0.1093011689206974
 1.711449575278637
 -0.4594421361435788
 0.1735694344234346
 -0.4769998765703463
 0.2251903235536127
 -0.3188376280002255
 -0.5244504738028879
 -2.443872720897328
 -0.1480806286585699
 0.4097620580554069
 -1.960972785170944
 1.471195077901076
 -1.159461049768617
 -0.3401145924536107
 -0.1381077802371339
 1.652617121442494
 -1.060702713556226
 -0.2599037857947501
 0.3040251687353006
 -1.382911005998661
 0.5453283197348685
 -0.2406681168254686
 1.171832908275378
 -0.3842788264740938
 0.5958880282391839
 -1.169031132750777
 -0.630988016064628
 -0.9718701251353903
 -1.343908738217644
 -2.090731608670675
 -1.460968591128349
 1.054256176573988
 0.5030738042004941
 1.235656762724507
 -1.047286969686057
 0.2707352842811523
 1.00220179642867
 -1.300632945870817
 -1.047009213012036
 -1.211557900615369
 -0.2941817750939603
 1.303902774384938
 -0.519018489486252
 0.6760655980328978
 1.151931868156725
 0.6797367303926946
 -1.139689866317424
 0.6889936716487188
 -1.713782548881492
 -0.1319323255735424
 -0.3524501557513766
 -1.308897444385609
 -1.220467851019717
 0.8324349025991127
 0.9326710690625812
 1.026273448858896
 2.133331672792017
 0.2698504139962936
 -1.208152974557116
 0.9158125387177998
 -0.2816085809153275
 0.7259461823325214
 -1.255477068134573
 0.6743459028477814
 0.5901344544085967
 -0.2594303546746019
 0.7226250214307725
 -0.009100126907709723
 0.7210513328254897
 -0.3090918505529807
 0.6794177013278012
 0.1749175590809267
 1.498396087563245
 0.8456721105274856
 -1.275681412652666
 -1.219026034741007
 0.2551564951296328
 1.415129685208119
 -0.9573511915896999
 -0.03728449844964123
 -0.7123831541844874
 0.02137198419869744
 -1.018511187284887
 -0.014238503072783
 1.045770824277664
 -0.9360049358205447
 -2.687653071651592
 0.1431735574637915
 -1.540808909069932
 -0.5979178992143137
 -1.012755236222256
 -0.2926370925844565
 -1.560194435118706
 -0.1937599272146512
 -0.01986827152145355
 -0.4809623801691483
 0.720338498423318
 0.7216956963657929
 0.7225331771734208
 0.9507260070215348
 -0.3038519669138715
 0.1145832136851582
 -1.4885007985362
 -0.9088550323150557
 1.488746632633061
 -0.4749635037703393
 -1.136530733806143
 0.4306870778834012
 -1.548381254748867
 -0.7382171679619899
 0.5747377813332541
 1.220713741967127
 1.30069693131969
 0.755098907740004
 1.542959462784432
 1.431070412192014
 -0.6473736162015621
 0.8254401209049976
 -0.8116711539899134
 1.516612794004007
 0.0268483780052486
 -1.167716151980681
 0.1019447088627306
 0.6558312078699104
 0.4303744078853726
 -2.233702474597165
 -0.533610128787235
 -0.8398559111824474
 0.5739209775447385
 -0.3540248673065216
 0.5969039894152596
 -0.03826174231773604
 -0.5918893003341703
 0.2597794383601578
 0.7777956809196274
 -2.556766922722848
 -0.499244436181647
 0.2168171675196116
 0.1717627005733067
 0.07691538813142637
 -0.7174014853048813
 -0.7916406376645133
 -1.847959255899252
 0.5382787414622964
 0.108645278190935
 -1.035177719036347
 0.1141480061929695
 -0.5385855336111768
 0.1339146950353002
 -0.4818382809071287
 -1.23593235417322
 -0.394947980700466
 0.2598767381675973
 0.3316149121473394
 1.404592285239854
 -0.2888039196744314
 -0.2710649974543713
 -0.1430200923985185
 -0.7750348469871099
 -0.7120841178514077
 0.4578794768411504
 0.9387936959257041
 -0.8878396336339467
 0.5761310973067783
 -0.3481912961916692
 -0.2591830430864878
 1.534452106139077
 1.29145673667472
 -0.8777986707472639
 -1.133232906739298
 -0.1246230910745744
 -0.1598585940497232
 1.823429902499737
 -0.7355433019231166
 -0.7381557844257028
 1.241754757131272
 0.06273281419782847
 0.00193569790186996
 1.380385443817651
 1.414181407454447
 0.005562174637012512
 -1.528684582194323
 0.3521961504781347
 -1.204348401531599
 -0.4515165260677514
 -0.7963915510935826
 -0.9538983242611579
 0.7815854530080075
 -0.2130913870456921
 -0.08523614343313286
 0.2330546457539631
 -0.7418897147705528
 -0.5085323457398617
 0.01695029416522182
 -1.091793745268166
 -0.9225038639794207
 -0.7478169536620369
 0.9756459508425072
 -1.280785116934673
 -1.842921478732179
 0.5748425071960694
 -0.2847336910926197
 0.05940518659911012
 -0.7532245996127476
 -2.277553732127645
 0.3838746816388594
 -1.154435088257128
 -0.6938283359308053
 -2.946068212407485
 -1.87339394710569
 -0.8755887336194261
 -0.9763423684209981
 0.6625130125786732
 0.3260265463245596
 1.081562569538032
 -0.3167538110962335
 -1.503542558067722
 -0.2815327177684066
 -1.639935029281601
 0.3470167614636914
 1.917687645754975
 -1.102259840637594
 1.269152110250087
 -0.8610729145034044
 -0.7099323733507595
 -0.2977021738592918
 -0.4366527573836475
 0.4216306261377443
 -1.340197276670866
 -0.1944661396774433
 -0.2536019216664695
 0.9390364122804838
 0.8251881209262489
 -1.240416804755069
 0.8098292952975683
 0.9271942714286646
 -0.2138567433642681
 -0.9031108411553831
 0.9914490945496628
 0.7285120929797982
 0.005473546892926105
 -0.8633729916375662
 -0.1847254278646254
 1.470138918032199
 1.359141212153809
 -1.723088264212546
 0.2610485489704756
 -1.513787336698622
 1.293839122324123
 -0.08775388471332567
 -0.7807612666633931
 -1.101214605976703
 0.8659570504800471
 -0.8935469311062479
 0.4493213262204425
 0.1688946101522292
 -0.4155339197528936
 0.1128348334953399
 -2.123601645996594
 0.7950334851390447
 -0.363181732557027
 0.2163858704840383
 -0.02101067840148841
 -1.913521992754937
 1.352467529240474
 -1.076800947491111
 0.5430697363462307
 -0.08057614936653049
 -0.2144983403513817
 -1.188844520796094
 1.371552537461211
 0.1590462119971163
 0.8876806492150681
 -0.3874202608125324
 -1.724566476322781
 0.07728074263522383
 0.8772812500595636
 0.1527026258789358
 0.7512408860148774
 -1.001901201234349
 -1.64816973468018
 -0.7811717803797423
 0.2378554018303712
 1.50399591041026
 0.08745185913176107
 1.265662560733897
 0.8169891441345366
 -2.74449625315654
 -0.7562236304774131
 0.6219819927293264
 1.050719984449989
 -0.826681005654025
 1.255710162598203
 -0.3156315649911752
 -1.788755603319027
 0.1749107073794032
 0.7810986473688282
 -0.1534317800875837
 0.8221270696963627
 0.7430224664836352
 -1.092738382735467
 1.486721406853335
 -2.439124916473743
 -0.2991957856645422
 -0.3532139295190042
 -1.457158689735853
 1.13284367033693
 -0.2257512177577709
 -0.1245634344829122
 0.6321020534644766
 -1.248327925806736
 -1.392303323199211
 0.1013111508492394
 -0.945286730695699
 -0.3111006463927949
 -0.6687321122702599
 0.7011706970358776
 -1.591219514671462
 0.1771415146755148
 1.058071169114305
 3.013998080862852
 -0.3168027898973594
 -1.356282914258991
 1.6907532233395
 -0.6253939929294171
 0.5145591844826544
 0.2993355419566271
 -0.5440194137395952
 0.5259021326259793
 -0.2942643709532786
 0.4831285107603927
 0.5003752772142235
 -0.6550143621168814
 -0.02817704876803473
 -0.6633406580169691
 1.516789510037378
 1.715116301225995
 0.01457278967761395
 0.490226473980913
 0.4353511988135236
 1.032613651772004
 -1.080976271994254
 1.206951498233827
 -0.4815442899733013
 -1.117324171291692
 1.818684845520334
 0.2093036576421071
 0.7593695758462473
 -0.1332470896262118
 -0.7564663280613089
 1.177530066715596
 0.7732132289252168
 0.07146697125055297
 -0.1011728881812441
 -1.004825119074397
 -0.6896109435259987
 -0.3229740659383861
 -0.1977085734871777
 1.319260043361987
 0.02748813907872914
 0.5651279242281771
 -0.6162776373329334
 2.147305798661738
 0.5138718244879606
 0.7538299161616038
 1.176137086637328
 0.1418225845987967
 0.007997513894782909
 -1.408674232084737
 -2.151384448825433
 -1.562627320659779
 -0.1114050517137588
 -0.4070121016203975
 -0.6470692186033438
 -0.9283681564982064
 0.5489359274818989
 0.008109401945257041
 -0.921980069798057
 0.8441009246545434
 0.421166733342794
 0.3810185636157585
 -0.03599480929100169
 0.8349407720475619
 0.6332375116412984
 -0.286585019774541
 -0.2362426468494837
 -0.5835595720833009
 -0.7783245224812255
 -0.8390323287517264
 0.369251660921054
 -0.8514657907594705
 -1.045107909775143
 1.862014797610367
 -0.0164358236095324
 -0.6619482451237259
 0.07286122291492358
 0.5586820755929963
 0.7555431580049239
 -0.8902266459079223
 -0.04470302351553503
 -0.7121754453392762
 1.359655248449528
 0.3260999028606932
 0.6010970792953466
 1.132841074142666
 0.6150395110414241
 2.608191958414763
 0.8832525249598485
 0.4520444153641568
 1.097986726552087
 0.1828850319028038
 -0.404121991994833
 -0.1844575631251656
 0.701633255535248
 -1.350404447916507
 0.9523147294835422
 0.6596530764916045
 0.9779803740184928
 0.8149725087696122
 0.373127451585049
 -1.179493021369526
 -1.806998043594632
 -1.481935120315236
 -0.03725600493416194
 0.09529030692663407
 -0.9076819466894387
 -0.0221332242922654
 -0.1952971035685129
 1.584176683776038
 0.2643288765174552
 1.11085165189618
 -1.15864725668753
 1.030349153557214
 1.372078946095042
 -0.0350131202219011
 1.478609646929816
 -0.3438046184067242
 0.835612760564209
 0.320035656584694
 1.485617649147934
 -0.1155006181516956
 -0.5899123415053059
 0.3114704353642922
 -0.4585668997830666
 1.417038802500499
 1.24830430474917
 -0.4988037011838798
 0.3143399569953921
 -0.5029215147250344
 0.6185003499990415
 -0.9453721197102026
 -1.955786233272171
 -0.07753448133736221
 -0.3793048696717451
 -1.850037397629102
 1.053090880695569
 -0.7621834521549785
 0.09505957124940399
 -0.4004361705623863
 -0.7478029655076835
 0.6281734273673817
 -1.067828689923053
 1.20038418416964
 -1.974439571181124
 -1.003951246243542
 -0.1086163831601519
 -0.4242905488846829
 2.280880848565055
 -0.1363172627212572
 -0.7204623343390627
 0.663248459180961
 0.6628298000636518
 0.7075475666619139
 1.261274438469794
 0.3912650354047898
 -0.6277424279274395
 -0.2471464574435708
 0.976098090089923
 -0.316092995165758
 1.31582262875985
 -0.5602421134367529
 0.3999360691504013
 1.295796739373785
 -1.644129050476025
 -0.004991629447841067
 0.9312604105785232
 1.97665028682509
 0.2034826768137542
 0.6028772324832259
 -0.5789207212606815
 -0.3836268619232974
 -0.254128884896374
 -0.7717357238649353
 1.043906284393777
 -0.2648072691665115
 0.07724739550289299
 0.7213122890017916
 0.1210003463843306
 1.920838882993954
 1.170275897641005
 -0.8887886401868735
 0.8327729294139766
 0.980366931565241
 -1.1411289335318
 0.14905883515376
 -0.6755163398420523
 -0.6324807085540316
 0.3574926447528453
 -0.7238904511225965
 0.8781592051851042
 -0.5959027426098478
 1.116368458231513
 -1.121834162045795
 1.382881868706907
 -0.9221169572636448
 1.845830166725931
 0.003159825909062039
 0.9743533500004635
 -0.6204352932940763
 0.1238155913378851
 0.07021057258830782
 0.1988215046343354
 0.07735894440737966
 -0.4514853729313958
 -0.08983361891346357
 -0.9150304603891599
 -1.341405692450954
 -0.7508994392552848
 0.9156047236199498
 1.999557231840986
 1.153700181806299
 0.9703737252550548
 0.08678173035878277
 -0.8352723571989493
 0.1912895376884894
 1.486553402135953
 0.4018224441691756
 0.8717376516525959
 -0.7605128449986871
 -0.2213160204183465
 -1.108594055934138
 -0.553839173267393
 0.4512064618429796
 -0.2462251923110013
 1.703790900046021
 -1.993784931393353
 1.157941358282751
 0.1125668202322708
 -1.651906036405148
 0.6820563012020012
 -1.971994829651781
 -1.279362430300873
 0.3827492970809435
 -0.09505849838002477
 0.1051358137084366
 1.449451849573761
 0.6725410553432999
 -1.367101695312378
 1.35964392826742
 -0.4712139689763498
 -0.0524232789754054
 1.433155176255758
 0.04360696949339132
 -1.047359949430229
 -0.08471908404859112
 -0.232775998351823
 -0.1828961108609238
 -0.4020518168460891
 1.089057517703539
 -0.8793253537101103
 -0.6822837086579504
 -0.3279965133176109
 0.4075438669498166
 0.1224506805377613
 -0.5170961971816207
 -0.3182880624452983
 1.242272928436443
 1.504789610090845
 -0.0937633778394365
 0.229574649597005
 -0.5993063780999477
 -0.7101024902884485
 1.121600158864169
 0.7619734804513758
 2.352446461786301
 -0.3829002079085296
 -0.01072338043646772
 -0.8902342884714046
 0.01697999290913801
 -2.003825512165253
 1.835530478675141
 0.2975446627134914
 -1.063317739965676
 0.05023445209775434
 0.2245687949426172
 -0.1256935610534269
 0.04217915607985787
 -0.6001131646472009
 -0.5934424049856579
 -1.275195860685226
 -0.2804344428519986
 2.467470301522621
 1.564579482106169
 -0.7490908819141228
 0.8053115245693327
 1.462668105112156
 0.7231104364839549
 -0.1453691431433244
 -1.416961586764445
 0.6375601218961824
 0.0738434877998316
 -0.445883073942158
 0.7187781727489163
 0.4011766315797549
 0.7006031236315026
 -0.0468948943381096
 0.6623627860875014
 -0.135970390651159
 -1.89012395612923
 0.7026496232141325
 -0.6827778335712523
 -1.430422527057348
 0.2986360323582353
 -0.2334923222658433
 -0.3475671154230069
 -0.7463219421525356
 -0.4154497443171484
 -1.586719664334789
 0.1861981876427951
 0.1695773355777938
 0.1882524733624632
 0.1644308246135181
 -0.1336044801039949
 1.262169022784063
 0.1454131259901675
 0.6631534946742567
 -0.1467447630299663
 1.309131470214942
 -0.8709435899856186
 1.764247994289289
 -0.4071278467182583
 -0.213892001927292
 -0.5885161371741928
 -0.1415558976946561
 -0.1361017598285773
 0.1534860412572853
 -1.294422749127772
 -0.2261432411519082
 -0.350878968401608
 -1.898085024545861
 1.432947711192646
 -0.1724652230891702
 0.5963760775672728
 0.06061072587030615
 1.75926996107473
 0.0208233088243884
 -0.5423301363779008
 0.4699035496194406
 0.2085419659886653
 1.286467100837624
 1.270314496478911
 -0.5164640428718351
 -1.483768655964801
 -0.6691697730803087
 0.831222529302396
 -0.092569753509729
 0.5445009773221826
 0.1465748579569534
 0.539715071908582
 -0.4331492863037963
 1.693742752409348
 -0.9427387669742711
 -0.5123646938227441
 -1.228484902499469
 0.8191500905012614
 -1.368162305029019
 0.1740681694949312
 2.040988555728103
 1.050196297317161
 0.7264744196565266
 -3.02838395610008
 -1.318895176378263
 -1.899012737004279
 0.6824842950894393
 -0.616885909694238
 -0.4454414127671753
 0.3551923261415719
 -2.037020588272581
 -0.4517811002451911
 -0.8965655529457736
 0.2299204138796652
 1.254097850932778
 0.1010222576065787
 -0.6127812561556953
 -1.194418037607007
 0.4094720596576366
 0.7605736472653568
 0.08098405131164672
 -0.1499325871876754
 -0.6248942644707471
 -0.2866281479474958
 0.2337527616087484
 3.118756222751698
 -0.3473265496719268
 0.547555002907541
 0.3208035777467648
 -0.08077378820695841
 -0.1596815689016782
 0.9851348442203909
 -0.2790868449655599
 1.459641254866985
 -0.7098877288545142
 0.9018573565553939
 -0.5550425277714647
 -0.9158156996532741
 1.985316832255922
 0.2011153758150561
 -0.8090310820461573
 -0.1635809596792576
 -0.5632639007021264
 -0.9851533292632254
 1.413419397666638
 0.158645057569356
 0.03667759492250419
 1.931570224125362
 -0.9935286028174527
 -0.6594367643211941
 0.5967173051115727
 1.38967075538149
 0.2344529414555559
 -1.256928932268643
 -0.5488712357023104
 1.200862391087049
 1.416454436184016
 0.163080813066823
 -1.344459170865048
 0.8693901108420146
 0.07849405784804624
 0.03401239495374884
 -0.4932876556821669
 0.3974270053086433
 -0.4129921527398797
 1.098995140881878
 1.467702435308889
 1.26854607802602
 1.870545930473849
 0.3669967971997564
 -1.854233306226518
 0.2496682913437012
 -0.4176658896999222
 0.08760878559182039
 -0.8468908036548547
 0.5334475613618594
 -0.0587295183359238
 -0.461047553119532
 -1.538106542115062
 -1.576772333201779
 1.358025614988204
 -0.6471303877410767
 0.6085997116718133
 2.278493808872291
 -0.003685073780100155
 0.9070687675657176


